1	4	5	30	33	41	52
2	9	37	39	41	43	49
3	10	11	29	30	36	47
4	1	5	6	27	42	59
5	1	2	6	16	19	46
6	7	13	19	22	40	47
7	3	5	20	21	38	56
8	4	17	37	38	47	53
9	8	43	54	55	56	60
10	4	18	21	25	38	57
11	15	25	37	38	58	59
12	4	16	19	20	27	43
13	18	32	47	50	54	56
14	2	16	23	27	47	53
15	12	33	35	51	52	60
16	20	32	34	49	58	60
17	6	10	13	19	20	51
18	23	27	36	37	42	56
19	5	10	12	24	25	60
20	11	25	28	30	33	51
21	6	33	36	46	49	53
22	1	9	31	38	46	56
23	17	37	39	51	52	59
24	1	8	14	28	33	43
25	24	43	50	54	55	56
26	10	22	50	53	57	58
27	13	17	20	33	44	51
28	3	6	22	24	54	60
29	3	8	14	43	56	58
30	7	14	15	29	38	50
31	17	19	28	45	48	56
32	5	14	33	36	43	44
33	5	17	33	39	42	49
34	13	15	17	40	53	57
35	4	16	21	23	54	57
36	3	13	17	25	29	51
37	6	7	22	38	52	60
38	10	42	43	45	54	55
39	12	16	37	45	52	56
40	3	5	8	12	46	47
41	12	26	35	38	39	47
42	7	11	19	24	33	36
43	2	6	17	25	26	58
44	14	18	29	38	44	47
45	7	30	37	44	53	55
46	1	23	24	32	46	60
47	3	17	25	35	48	56
48	2	5	28	34	47	50
49	7	13	33	35	43	55
50	6	16	21	44	57	58
51	17	23	24	25	42	47
52	15	30	38	46	58	59
53	3	13	16	38	42	46
54	5	9	18	21	36	56
55	2	14	23	29	38	52
56	2	7	20	35	51	59
57	7	16	17	27	34	59
58	12	27	30	37	44	49
59	2	8	13	28	34	54
60	3	14	15	20	21	38
61	8	18	29	42	44	59
62	6	8	13	24	31	52
63	9	25	26	40	41	49
64	8	12	23	50	54	60
65	1	5	20	25	32	34
66	12	13	15	26	33	48
67	12	14	17	27	47	52
68	1	3	12	13	53	59
69	25	34	45	53	56	58
70	17	23	27	40	43	58
71	16	27	33	43	45	53
72	1	19	34	43	44	48
73	25	26	28	45	51	57
74	2	24	34	37	38	50
75	21	24	35	36	37	49
76	8	17	18	23	33	53
77	21	29	40	49	54	57
78	12	22	25	31	32	46
79	2	13	17	25	31	43
80	23	28	37	40	48	51
81	10	23	41	47	54	60
82	15	18	29	36	51	53
83	4	15	16	24	42	57
84	4	6	10	25	34	40
85	6	15	30	37	45	47
86	6	21	22	34	36	54
87	4	5	11	28	32	40
88	4	18	29	37	43	45
89	13	34	42	44	55	59
90	9	21	26	40	52	54
91	2	4	10	35	39	60
92	1	3	5	23	24	51
93	2	22	28	31	36	53
94	8	18	28	51	52	55
95	6	40	45	46	50	60
96	4	7	26	40	42	58
97	5	11	14	35	53	56
98	13	14	31	33	35	43
99	11	24	30	33	46	60
100	14	29	30	46	48	51
101	1	18	29	31	37	39
102	19	20	37	42	44	56
103	1	7	9	49	54	57
104	1	4	13	21	38	52
105	3	13	31	43	46	49
106	5	16	24	35	38	39
107	2	4	16	24	51	52
108	21	24	29	34	59	60
109	1	13	44	48	49	54
110	18	31	43	52	57	58
111	4	22	25	32	33	52
112	12	20	34	37	42	43
113	7	26	28	34	54	55
114	6	12	18	37	47	54
115	4	6	14	20	24	38
116	5	13	32	36	42	51
117	20	25	27	33	42	53
118	9	22	25	37	56	57
119	1	21	36	38	47	50
120	3	16	27	40	45	46
121	2	29	41	44	53	55
122	11	17	20	39	43	53
123	13	14	16	26	32	42
124	5	15	34	41	52	57
125	25	41	47	53	56	59
126	6	10	11	28	32	40
127	21	29	50	51	54	59
128	3	9	18	21	23	43
129	1	9	10	32	46	54
130	13	29	38	42	49	53
131	4	9	17	27	30	44
132	7	9	35	41	44	50
133	5	6	19	34	39	57
134	4	25	32	36	52	60
135	21	22	35	40	53	59
136	1	17	25	38	45	59
137	15	16	19	22	26	49
138	5	14	27	37	40	41
139	3	13	26	27	41	42
140	7	31	41	44	46	55
141	10	13	22	41	42	58
142	8	15	19	20	54	59
143	6	18	20	40	50	53
144	8	32	36	44	45	55
145	15	16	31	41	43	51
146	25	32	34	42	51	60
147	6	16	23	24	28	38
148	32	35	41	55	58	59
149	7	11	20	28	45	48
150	12	44	50	52	54	55
151	3	16	20	43	52	56
152	5	12	15	29	51	58
153	2	30	31	42	45	47
154	8	10	24	33	45	48
155	12	30	32	35	43	44
156	17	23	42	49	52	55
157	4	13	17	21	41	44
158	4	14	17	43	51	58
159	9	11	16	35	50	58
160	2	13	42	52	54	58
161	6	25	30	37	39	41
162	21	23	33	38	48	51
163	8	27	36	41	53	56
164	4	10	14	19	28	44
165	10	19	23	35	39	56
166	12	13	22	57	59	60
167	1	11	28	33	38	48
168	2	9	31	35	45	50
169	1	13	21	37	51	52
170	7	41	46	51	55	58
171	4	27	40	43	46	54
172	10	14	26	35	36	49
173	17	28	29	42	49	50
174	11	22	23	36	52	59
175	1	10	13	20	42	50
176	1	3	4	28	45	53
177	22	35	38	39	41	59
178	5	15	19	26	27	33
179	5	6	23	26	27	53
180	6	23	29	39	51	60
181	1	27	33	35	51	55
182	3	5	10	28	46	60
183	2	7	11	16	40	44
184	9	16	21	34	41	60
185	17	22	43	46	55	59
186	14	23	24	25	26	51
187	6	36	41	44	48	58
188	17	27	34	42	43	46
