DZ1;DZ2;DZ3;DZ4;DZ5;DZ6;DZ7;DZ8;DZ9;DZ10;DZ11;DZ12;DZ13;DZ14;DZ15
02;03;05;06;09;10;11;13;14;16;18;20;23;24;25
01;04;05;06;07;09;11;12;13;15;16;19;20;23;24
01;04;06;07;08;09;10;11;12;14;16;17;20;23;24
01;02;04;05;08;10;12;13;16;17;18;19;23;24;25
01;02;04;08;09;11;12;13;15;16;19;20;23;24;25
01;02;04;05;06;07;10;12;15;16;17;19;21;23;25
01;04;07;08;10;12;14;15;16;18;19;21;22;23;25
01;05;06;08;09;10;13;15;16;17;18;19;20;22;25
03;04;05;09;10;11;13;15;16;17;19;20;21;24;25
02;03;04;05;06;08;09;10;11;12;14;19;20;23;24
